   0.0000000e+00   5.0415395e-04  -1.5198448e-04  -2.9740246e-04   8.6860960e-03   4.4900115e-04   2.5904074e-04   1.0308456e-04   4.2333742e-04   8.9452856e-03
   8.4121807e-03   0.0000000e+00   1.5980457e-03   8.4474695e-03   9.0299713e-04   9.1523832e-04   2.0235688e-04  -1.9123191e-04   8.8013607e-03   1.7224724e-04
  -1.0387098e-04   8.4505782e-03   0.0000000e+00   1.3947897e-03   8.3612568e-05   4.3419810e-04   1.4565220e-03   9.3706813e-03   1.8857750e-04  -1.6325205e-04
  -1.2030846e-04   9.2835578e-03   9.0449291e-03   0.0000000e+00   7.1080030e-04   4.5081320e-04   9.4274898e-03   1.0211575e-03   5.7421783e-04  -2.3015934e-04
   9.9396381e-03   1.0721408e-03   6.6430099e-04   8.2383572e-03   0.0000000e+00   8.8340770e-03  -1.0561298e-04   2.2352093e-04   2.9068362e-04   7.5971435e-04
   4.1761241e-04   7.9621292e-03   1.3800692e-04   3.4931521e-04   8.8311484e-03   0.0000000e+00   1.4017657e-03   4.2432154e-04   6.3718506e-04   6.8513109e-04
   2.1845706e-04   4.0638179e-04   8.3152925e-03   9.6796854e-03   9.4966318e-04   8.4308100e-03   0.0000000e+00   1.5476879e-03   1.9432165e-04   6.6030448e-04
  -1.6311864e-04   5.0211298e-04   8.7143755e-03   8.9161810e-03  -2.5450109e-04  -4.7102184e-04   9.1620714e-03   0.0000000e+00   1.4540270e-03  -7.3187565e-04
   2.1859549e-04   8.7949696e-03   4.6222530e-04   3.4544374e-04   8.6577977e-03  -7.9535329e-06   4.9471284e-04   8.7708065e-03   0.0000000e+00   8.6857638e-04
   8.8521610e-03   4.8674383e-05   9.9002334e-05   1.0628119e-04   3.0446410e-04   8.3212501e-03   4.6501891e-04  -1.0267576e-04   8.6360479e-03   0.0000000e+00
