   0.0000000e+00   7.7615043e-01   0.0000000e+00   1.4410198e+00   0.0000000e+00   1.9837174e+00   0.0000000e+00   1.9183688e+00   0.0000000e+00   0.0000000e+00
   1.0326105e+00   0.0000000e+00   0.0000000e+00   5.3247472e-01   0.0000000e+00   0.0000000e+00   0.0000000e+00   0.0000000e+00   1.4039573e+00   0.0000000e+00
   1.9955049e+00   1.0555440e+00   0.0000000e+00   1.8658550e+00   0.0000000e+00   0.0000000e+00   7.7321161e-01   0.0000000e+00   1.6257801e+00   0.0000000e+00
   0.0000000e+00   0.0000000e+00   0.0000000e+00   0.0000000e+00   8.4156924e-01   0.0000000e+00   0.0000000e+00   0.0000000e+00   0.0000000e+00   0.0000000e+00
   1.4786766e+00   0.0000000e+00   0.0000000e+00   0.0000000e+00   0.0000000e+00   0.0000000e+00   0.0000000e+00   1.0050489e+00   0.0000000e+00   0.0000000e+00
   0.0000000e+00   0.0000000e+00   0.0000000e+00   0.0000000e+00   0.0000000e+00   0.0000000e+00   0.0000000e+00   0.0000000e+00   0.0000000e+00   0.0000000e+00
   0.0000000e+00   0.0000000e+00   0.0000000e+00   0.0000000e+00   5.4498793e-01   0.0000000e+00   0.0000000e+00   0.0000000e+00   0.0000000e+00   0.0000000e+00
   0.0000000e+00   1.9360760e+00   0.0000000e+00   0.0000000e+00   1.3034963e+00   0.0000000e+00   0.0000000e+00   0.0000000e+00   0.0000000e+00   0.0000000e+00
   0.0000000e+00   0.0000000e+00   0.0000000e+00   1.3632423e+00   0.0000000e+00   0.0000000e+00   1.1159436e+00   0.0000000e+00   0.0000000e+00   9.6337189e-01
   0.0000000e+00   0.0000000e+00   0.0000000e+00   0.0000000e+00   1.7031372e+00   1.4389064e+00   1.9765241e+00   1.2917702e+00   0.0000000e+00   0.0000000e+00
